1831c1831
<   'wb_numeric'                10000     100              10000000  12345.06789            1.111100e+02     1.111113000000000e+04             $1,000.00
---
>   'wb_numeric'                10000     100              10000000  12345.06789            1.111100e+02     1.111113000000000e+04               $500.00
1839c1839
<   'wb_numeric'                10000     100              10000000  12345.06789            1.111100e+02     1.111113000000000e+04             $1,000.00
---
>   'wb_numeric'                10000     100              10000000  12345.06789            1.111100e+02     1.111113000000000e+04               $500.00
1867c1867
<   'wb_numeric'                10000     100              10000000  12345.06789            1.111100e+02     1.111113000000000e+04             $1,000.00
---
>   'wb_numeric'                10000     100              10000000  12345.06789            1.111100e+02     1.111113000000000e+04               $500.00
1875c1875
<   'wb_numeric'                10000     100              10000000  12345.06789            1.111100e+02     1.111113000000000e+04             $1,000.00
---
>   'wb_numeric'                10000     100              10000000  12345.06789            1.111100e+02     1.111113000000000e+04               $500.00
1903c1903
<   'wb_numeric'                10000     100              10000000  12345.06789            1.111100e+02     1.111113000000000e+04             $1,000.00
---
>   'wb_numeric'                10000     100              10000000  12345.06789            1.111100e+02     1.111113000000000e+04               $500.00
1911c1911
<   'wb_numeric'                10000     100              10000000  12345.06789            1.111100e+02     1.111113000000000e+04             $1,000.00
---
>   'wb_numeric'                10000     100              10000000  12345.06789            1.111100e+02     1.111113000000000e+04               $500.00
1939c1939
<   'wb_numeric'                10000     100              10000000  12345.06789            1.111100e+02     1.111113000000000e+04             $1,000.00
---
>   'wb_numeric'                10000     100              10000000  12345.06789            1.111100e+02     1.111113000000000e+04               $500.00
1947c1947
<   'wb_numeric'                10000     100              10000000  12345.06789            1.111100e+02     1.111113000000000e+04             $1,000.00
---
>   'wb_numeric'                10000     100              10000000  12345.06789            1.111100e+02     1.111113000000000e+04               $500.00
1975c1975
<   'wb_numeric'                10000     100              10000000  12345.06789            1.111100e+02     1.111113000000000e+04             $1,000.00
---
>   'wb_numeric'                10000     100              10000000  12345.06789            1.111100e+02     1.111113000000000e+04               $500.00
1983c1983
<   'wb_numeric'                10000     100              10000000  12345.06789            1.111100e+02     1.111113000000000e+04             $1,000.00
---
>   'wb_numeric'                10000     100              10000000  12345.06789            1.111100e+02     1.111113000000000e+04               $500.00
2011c2011
<   'wb_numeric'                10000     100              10000000  12345.06789            1.111100e+02     1.111113000000000e+04             $1,000.00
---
>   'wb_numeric'                10000     100              10000000  12345.06789            1.111100e+02     1.111113000000000e+04               $500.00
2019c2019
<   'wb_numeric'                10000     100              10000000  12345.06789            1.111100e+02     1.111113000000000e+04             $1,000.00
---
>   'wb_numeric'                10000     100              10000000  12345.06789            1.111100e+02     1.111113000000000e+04               $500.00
2049,2050c2049,2050
<   'wb_numeric'                10000     100              10000000  12345.06789            1.111100e+02     1.111113000000000e+04                  NULL
<   'wb_numeric'                20000       1              80000000  12345.06789            1.111700e+02     1.111112400000000e+04                  NULL
---
>   'wb_numeric'                10000     100              10000000  12345.06789            1.111100e+02     1.111113000000000e+04               $500.00
>   'wb_numeric'                20000       1              80000000  12345.06789            1.111700e+02     1.111112400000000e+04               $500.00
2058,2059c2058,2059
<   'wb_numeric'                20000       1              80000000  12345.06789            1.111700e+02     1.111112400000000e+04                  NULL
<   'wb_numeric'                10000     100              10000000  12345.06789            1.111100e+02     1.111113000000000e+04                  NULL
---
>   'wb_numeric'                20000       1              80000000  12345.06789            1.111700e+02     1.111112400000000e+04               $500.00
>   'wb_numeric'                10000     100              10000000  12345.06789            1.111100e+02     1.111113000000000e+04               $500.00
2087,2088c2087,2088
<   'wb_numeric'                10000     100              10000000  12345.06789            1.111100e+02     1.111113000000000e+04                  NULL
<   'wb_numeric'                20000       1              80000000  12345.06789            1.111700e+02     1.111112400000000e+04                  NULL
---
>   'wb_numeric'                10000     100              10000000  12345.06789            1.111100e+02     1.111113000000000e+04               $500.00
>   'wb_numeric'                20000       1              80000000  12345.06789            1.111700e+02     1.111112400000000e+04               $500.00
2096,2097c2096,2097
<   'wb_numeric'                20000       1              80000000  12345.06789            1.111700e+02     1.111112400000000e+04                  NULL
<   'wb_numeric'                10000     100              10000000  12345.06789            1.111100e+02     1.111113000000000e+04                  NULL
---
>   'wb_numeric'                20000       1              80000000  12345.06789            1.111700e+02     1.111112400000000e+04               $500.00
>   'wb_numeric'                10000     100              10000000  12345.06789            1.111100e+02     1.111113000000000e+04               $500.00
2125,2126c2125,2126
<   'wb_numeric'                10000     100              10000000  12345.06789            1.111100e+02     1.111113000000000e+04                  NULL
<   'wb_numeric'                20000       1              80000000  12345.06789            1.111700e+02     1.111112400000000e+04                  NULL
---
>   'wb_numeric'                10000     100              10000000  12345.06789            1.111100e+02     1.111113000000000e+04               $500.00
>   'wb_numeric'                20000       1              80000000  12345.06789            1.111700e+02     1.111112400000000e+04               $500.00
2134,2135c2134,2135
<   'wb_numeric'                20000       1              80000000  12345.06789            1.111700e+02     1.111112400000000e+04                  NULL
<   'wb_numeric'                10000     100              10000000  12345.06789            1.111100e+02     1.111113000000000e+04                  NULL
---
>   'wb_numeric'                20000       1              80000000  12345.06789            1.111700e+02     1.111112400000000e+04               $500.00
>   'wb_numeric'                10000     100              10000000  12345.06789            1.111100e+02     1.111113000000000e+04               $500.00
2165,2167c2165,2167
<   'wb_numeric'                10000     100              10000000  12345.06789            1.111100e+02     1.111113000000000e+04             $1,000.00
<   'wb_numeric'                20000       1              80000000  12345.06789            1.111700e+02     1.111112400000000e+04             $1,000.00
<   'wb_numeric'                30000     100              30000000  12345.06789            1.112000e+02     1.111112100000000e+04             $1,000.00
---
>   'wb_numeric'                10000     100              10000000  12345.06789            1.111100e+02     1.111113000000000e+04               $500.00
>   'wb_numeric'                20000       1              80000000  12345.06789            1.111700e+02     1.111112400000000e+04               $500.00
>   'wb_numeric'                30000     100              30000000  12345.06789            1.112000e+02     1.111112100000000e+04               $500.00
2175,2177c2175,2177
<   'wb_numeric'                30000     100              30000000  12345.06789            1.112000e+02     1.111112100000000e+04             $1,000.00
<   'wb_numeric'                20000       1              80000000  12345.06789            1.111700e+02     1.111112400000000e+04             $1,000.00
<   'wb_numeric'                10000     100              10000000  12345.06789            1.111100e+02     1.111113000000000e+04             $1,000.00
---
>   'wb_numeric'                30000     100              30000000  12345.06789            1.112000e+02     1.111112100000000e+04               $500.00
>   'wb_numeric'                20000       1              80000000  12345.06789            1.111700e+02     1.111112400000000e+04               $500.00
>   'wb_numeric'                10000     100              10000000  12345.06789            1.111100e+02     1.111113000000000e+04               $500.00
2205,2207c2205,2207
<   'wb_numeric'                10000     100              10000000  12345.06789            1.111100e+02     1.111113000000000e+04             $1,000.00
<   'wb_numeric'                20000       1              80000000  12345.06789            1.111700e+02     1.111112400000000e+04             $1,000.00
<   'wb_numeric'                30000     100              30000000  12345.06789            1.112000e+02     1.111112100000000e+04             $1,000.00
---
>   'wb_numeric'                10000     100              10000000  12345.06789            1.111100e+02     1.111113000000000e+04               $500.00
>   'wb_numeric'                20000       1              80000000  12345.06789            1.111700e+02     1.111112400000000e+04               $500.00
>   'wb_numeric'                30000     100              30000000  12345.06789            1.112000e+02     1.111112100000000e+04               $500.00
2215,2217c2215,2217
<   'wb_numeric'                30000     100              30000000  12345.06789            1.112000e+02     1.111112100000000e+04             $1,000.00
<   'wb_numeric'                20000       1              80000000  12345.06789            1.111700e+02     1.111112400000000e+04             $1,000.00
<   'wb_numeric'                10000     100              10000000  12345.06789            1.111100e+02     1.111113000000000e+04             $1,000.00
---
>   'wb_numeric'                30000     100              30000000  12345.06789            1.112000e+02     1.111112100000000e+04               $500.00
>   'wb_numeric'                20000       1              80000000  12345.06789            1.111700e+02     1.111112400000000e+04               $500.00
>   'wb_numeric'                10000     100              10000000  12345.06789            1.111100e+02     1.111113000000000e+04               $500.00
2245,2247c2245,2247
<   'wb_numeric'                10000     100              10000000  12345.06789            1.111100e+02     1.111113000000000e+04             $1,000.00
<   'wb_numeric'                20000       1              80000000  12345.06789            1.111700e+02     1.111112400000000e+04             $1,000.00
<   'wb_numeric'                30000     100              30000000  12345.06789            1.112000e+02     1.111112100000000e+04             $1,000.00
---
>   'wb_numeric'                10000     100              10000000  12345.06789            1.111100e+02     1.111113000000000e+04               $500.00
>   'wb_numeric'                20000       1              80000000  12345.06789            1.111700e+02     1.111112400000000e+04               $500.00
>   'wb_numeric'                30000     100              30000000  12345.06789            1.112000e+02     1.111112100000000e+04               $500.00
2255,2257c2255,2257
<   'wb_numeric'                30000     100              30000000  12345.06789            1.112000e+02     1.111112100000000e+04             $1,000.00
<   'wb_numeric'                20000       1              80000000  12345.06789            1.111700e+02     1.111112400000000e+04             $1,000.00
<   'wb_numeric'                10000     100              10000000  12345.06789            1.111100e+02     1.111113000000000e+04             $1,000.00
---
>   'wb_numeric'                30000     100              30000000  12345.06789            1.112000e+02     1.111112100000000e+04               $500.00
>   'wb_numeric'                20000       1              80000000  12345.06789            1.111700e+02     1.111112400000000e+04               $500.00
>   'wb_numeric'                10000     100              10000000  12345.06789            1.111100e+02     1.111113000000000e+04               $500.00
2287,2290c2287,2290
<   'wb_numeric'                10000     100              10000000  12345.06789            1.111100e+02     1.111113000000000e+04             $1,000.00
<   'wb_numeric'                20000       1              80000000  12345.06789            1.111700e+02     1.111112400000000e+04             $1,000.00
<   'wb_numeric'                30000     100              30000000  12345.06789            1.112000e+02     1.111112100000000e+04             $1,000.00
<   'wb_numeric'                40000       2              10000000  NULL                   1.112400e+02     1.111111800000000e+04             $1,000.00
---
>   'wb_numeric'                10000     100              10000000  12345.06789            1.111100e+02     1.111113000000000e+04               $500.00
>   'wb_numeric'                20000       1              80000000  12345.06789            1.111700e+02     1.111112400000000e+04               $500.00
>   'wb_numeric'                30000     100              30000000  12345.06789            1.112000e+02     1.111112100000000e+04               $500.00
>   'wb_numeric'                40000       2              10000000  NULL                   1.112400e+02     1.111111800000000e+04               $500.00
2298,2301c2298,2301
<   'wb_numeric'                40000       2              10000000  NULL                   1.112400e+02     1.111111800000000e+04             $1,000.00
<   'wb_numeric'                30000     100              30000000  12345.06789            1.112000e+02     1.111112100000000e+04             $1,000.00
<   'wb_numeric'                20000       1              80000000  12345.06789            1.111700e+02     1.111112400000000e+04             $1,000.00
<   'wb_numeric'                10000     100              10000000  12345.06789            1.111100e+02     1.111113000000000e+04             $1,000.00
---
>   'wb_numeric'                40000       2              10000000  NULL                   1.112400e+02     1.111111800000000e+04               $500.00
>   'wb_numeric'                30000     100              30000000  12345.06789            1.112000e+02     1.111112100000000e+04               $500.00
>   'wb_numeric'                20000       1              80000000  12345.06789            1.111700e+02     1.111112400000000e+04               $500.00
>   'wb_numeric'                10000     100              10000000  12345.06789            1.111100e+02     1.111113000000000e+04               $500.00
2331,2335c2331,2335
<   'wb_numeric'                10000     100              10000000  12345.06789            1.111100e+02     1.111113000000000e+04             $1,000.00
<   'wb_numeric'                20000       1              80000000  12345.06789            1.111700e+02     1.111112400000000e+04             $1,000.00
<   'wb_numeric'                30000     100              30000000  12345.06789            1.112000e+02     1.111112100000000e+04             $1,000.00
<   'wb_numeric'                40000       2              10000000  NULL                   1.112400e+02     1.111111800000000e+04             $1,000.00
<   'wb_numeric'                50000     100              20000000  12345.06789            1.112500e+02     1.111111700000000e+04             $1,000.00
---
>   'wb_numeric'                10000     100              10000000  12345.06789            1.111100e+02     1.111113000000000e+04               $500.00
>   'wb_numeric'                20000       1              80000000  12345.06789            1.111700e+02     1.111112400000000e+04               $500.00
>   'wb_numeric'                30000     100              30000000  12345.06789            1.112000e+02     1.111112100000000e+04               $500.00
>   'wb_numeric'                40000       2              10000000  NULL                   1.112400e+02     1.111111800000000e+04               $500.00
>   'wb_numeric'                50000     100              20000000  12345.06789            1.112500e+02     1.111111700000000e+04               $500.00
2343,2347c2343,2347
<   'wb_numeric'                50000     100              20000000  12345.06789            1.112500e+02     1.111111700000000e+04             $1,000.00
<   'wb_numeric'                40000       2              10000000  NULL                   1.112400e+02     1.111111800000000e+04             $1,000.00
<   'wb_numeric'                30000     100              30000000  12345.06789            1.112000e+02     1.111112100000000e+04             $1,000.00
<   'wb_numeric'                20000       1              80000000  12345.06789            1.111700e+02     1.111112400000000e+04             $1,000.00
<   'wb_numeric'                10000     100              10000000  12345.06789            1.111100e+02     1.111113000000000e+04             $1,000.00
---
>   'wb_numeric'                50000     100              20000000  12345.06789            1.112500e+02     1.111111700000000e+04               $500.00
>   'wb_numeric'                40000       2              10000000  NULL                   1.112400e+02     1.111111800000000e+04               $500.00
>   'wb_numeric'                30000     100              30000000  12345.06789            1.112000e+02     1.111112100000000e+04               $500.00
>   'wb_numeric'                20000       1              80000000  12345.06789            1.111700e+02     1.111112400000000e+04               $500.00
>   'wb_numeric'                10000     100              10000000  12345.06789            1.111100e+02     1.111113000000000e+04               $500.00
2375,2379c2375,2379
<   'wb_numeric'                10000     100              10000000  12345.06789            1.111100e+02     1.111113000000000e+04             $1,000.00
<   'wb_numeric'                20000       1              80000000  12345.06789            1.111700e+02     1.111112400000000e+04             $1,000.00
<   'wb_numeric'                30000     100              30000000  12345.06789            1.112000e+02     1.111112100000000e+04             $1,000.00
<   'wb_numeric'                40000       2              10000000  NULL                   1.112400e+02     1.111111800000000e+04             $1,000.00
<   'wb_numeric'                50000     100              20000000  12345.06789            1.112500e+02     1.111111700000000e+04             $1,000.00
---
>   'wb_numeric'                10000     100              10000000  12345.06789            1.111100e+02     1.111113000000000e+04               $500.00
>   'wb_numeric'                20000       1              80000000  12345.06789            1.111700e+02     1.111112400000000e+04               $500.00
>   'wb_numeric'                30000     100              30000000  12345.06789            1.112000e+02     1.111112100000000e+04               $500.00
>   'wb_numeric'                40000       2              10000000  NULL                   1.112400e+02     1.111111800000000e+04               $500.00
>   'wb_numeric'                50000     100              20000000  12345.06789            1.112500e+02     1.111111700000000e+04               $500.00
2387,2391c2387,2391
<   'wb_numeric'                50000     100              20000000  12345.06789            1.112500e+02     1.111111700000000e+04             $1,000.00
<   'wb_numeric'                40000       2              10000000  NULL                   1.112400e+02     1.111111800000000e+04             $1,000.00
<   'wb_numeric'                30000     100              30000000  12345.06789            1.112000e+02     1.111112100000000e+04             $1,000.00
<   'wb_numeric'                20000       1              80000000  12345.06789            1.111700e+02     1.111112400000000e+04             $1,000.00
<   'wb_numeric'                10000     100              10000000  12345.06789            1.111100e+02     1.111113000000000e+04             $1,000.00
---
>   'wb_numeric'                50000     100              20000000  12345.06789            1.112500e+02     1.111111700000000e+04               $500.00
>   'wb_numeric'                40000       2              10000000  NULL                   1.112400e+02     1.111111800000000e+04               $500.00
>   'wb_numeric'                30000     100              30000000  12345.06789            1.112000e+02     1.111112100000000e+04               $500.00
>   'wb_numeric'                20000       1              80000000  12345.06789            1.111700e+02     1.111112400000000e+04               $500.00
>   'wb_numeric'                10000     100              10000000  12345.06789            1.111100e+02     1.111113000000000e+04               $500.00
2419,2423c2419,2423
<   'wb_numeric'                10000     100              10000000  12345.06789            1.111100e+02     1.111113000000000e+04             $1,000.00
<   'wb_numeric'                20000       1              80000000  12345.06789            1.111700e+02     1.111112400000000e+04             $1,000.00
<   'wb_numeric'                30000     100              30000000  12345.06789            1.112000e+02     1.111112100000000e+04             $1,000.00
<   'wb_numeric'                40000       2              10000000  NULL                   1.112400e+02     1.111111800000000e+04             $1,000.00
<   'wb_numeric'                50000     100              20000000  12345.06789            1.112500e+02     1.111111700000000e+04             $1,000.00
---
>   'wb_numeric'                10000     100              10000000  12345.06789            1.111100e+02     1.111113000000000e+04               $500.00
>   'wb_numeric'                20000       1              80000000  12345.06789            1.111700e+02     1.111112400000000e+04               $500.00
>   'wb_numeric'                30000     100              30000000  12345.06789            1.112000e+02     1.111112100000000e+04               $500.00
>   'wb_numeric'                40000       2              10000000  NULL                   1.112400e+02     1.111111800000000e+04               $500.00
>   'wb_numeric'                50000     100              20000000  12345.06789            1.112500e+02     1.111111700000000e+04               $500.00
2431,2435c2431,2435
<   'wb_numeric'                50000     100              20000000  12345.06789            1.112500e+02     1.111111700000000e+04             $1,000.00
<   'wb_numeric'                40000       2              10000000  NULL                   1.112400e+02     1.111111800000000e+04             $1,000.00
<   'wb_numeric'                30000     100              30000000  12345.06789            1.112000e+02     1.111112100000000e+04             $1,000.00
<   'wb_numeric'                20000       1              80000000  12345.06789            1.111700e+02     1.111112400000000e+04             $1,000.00
<   'wb_numeric'                10000     100              10000000  12345.06789            1.111100e+02     1.111113000000000e+04             $1,000.00
---
>   'wb_numeric'                50000     100              20000000  12345.06789            1.112500e+02     1.111111700000000e+04               $500.00
>   'wb_numeric'                40000       2              10000000  NULL                   1.112400e+02     1.111111800000000e+04               $500.00
>   'wb_numeric'                30000     100              30000000  12345.06789            1.112000e+02     1.111112100000000e+04               $500.00
>   'wb_numeric'                20000       1              80000000  12345.06789            1.111700e+02     1.111112400000000e+04               $500.00
>   'wb_numeric'                10000     100              10000000  12345.06789            1.111100e+02     1.111113000000000e+04               $500.00
2463,2467c2463,2467
<   'wb_numeric'                10000     100              10000000  12345.06789            1.111100e+02     1.111113000000000e+04             $1,000.00
<   'wb_numeric'                20000       1              80000000  12345.06789            1.111700e+02     1.111112400000000e+04             $1,000.00
<   'wb_numeric'                30000     100              30000000  12345.06789            1.112000e+02     1.111112100000000e+04             $1,000.00
<   'wb_numeric'                40000       2              10000000  NULL                   1.112400e+02     1.111111800000000e+04             $1,000.00
<   'wb_numeric'                50000     100              20000000  12345.06789            1.112500e+02     1.111111700000000e+04             $1,000.00
---
>   'wb_numeric'                10000     100              10000000  12345.06789            1.111100e+02     1.111113000000000e+04               $500.00
>   'wb_numeric'                20000       1              80000000  12345.06789            1.111700e+02     1.111112400000000e+04               $500.00
>   'wb_numeric'                30000     100              30000000  12345.06789            1.112000e+02     1.111112100000000e+04               $500.00
>   'wb_numeric'                40000       2              10000000  NULL                   1.112400e+02     1.111111800000000e+04               $500.00
>   'wb_numeric'                50000     100              20000000  12345.06789            1.112500e+02     1.111111700000000e+04               $500.00
2475,2479c2475,2479
<   'wb_numeric'                50000     100              20000000  12345.06789            1.112500e+02     1.111111700000000e+04             $1,000.00
<   'wb_numeric'                40000       2              10000000  NULL                   1.112400e+02     1.111111800000000e+04             $1,000.00
<   'wb_numeric'                30000     100              30000000  12345.06789            1.112000e+02     1.111112100000000e+04             $1,000.00
<   'wb_numeric'                20000       1              80000000  12345.06789            1.111700e+02     1.111112400000000e+04             $1,000.00
<   'wb_numeric'                10000     100              10000000  12345.06789            1.111100e+02     1.111113000000000e+04             $1,000.00
---
>   'wb_numeric'                50000     100              20000000  12345.06789            1.112500e+02     1.111111700000000e+04               $500.00
>   'wb_numeric'                40000       2              10000000  NULL                   1.112400e+02     1.111111800000000e+04               $500.00
>   'wb_numeric'                30000     100              30000000  12345.06789            1.112000e+02     1.111112100000000e+04               $500.00
>   'wb_numeric'                20000       1              80000000  12345.06789            1.111700e+02     1.111112400000000e+04               $500.00
>   'wb_numeric'                10000     100              10000000  12345.06789            1.111100e+02     1.111113000000000e+04               $500.00
2507,2511c2507,2511
<   'wb_numeric'                10000     100              10000000  12345.06789            1.111100e+02     1.111113000000000e+04             $1,000.00
<   'wb_numeric'                20000       1              80000000  12345.06789            1.111700e+02     1.111112400000000e+04             $1,000.00
<   'wb_numeric'                30000     100              30000000  12345.06789            1.112000e+02     1.111112100000000e+04             $1,000.00
<   'wb_numeric'                40000       2              10000000  NULL                   1.112400e+02     1.111111800000000e+04             $1,000.00
<   'wb_numeric'                50000     100              20000000  12345.06789            1.112500e+02     1.111111700000000e+04             $1,000.00
---
>   'wb_numeric'                10000     100              10000000  12345.06789            1.111100e+02     1.111113000000000e+04               $500.00
>   'wb_numeric'                20000       1              80000000  12345.06789            1.111700e+02     1.111112400000000e+04               $500.00
>   'wb_numeric'                30000     100              30000000  12345.06789            1.112000e+02     1.111112100000000e+04               $500.00
>   'wb_numeric'                40000       2              10000000  NULL                   1.112400e+02     1.111111800000000e+04               $500.00
>   'wb_numeric'                50000     100              20000000  12345.06789            1.112500e+02     1.111111700000000e+04               $500.00
2519,2523c2519,2523
<   'wb_numeric'                50000     100              20000000  12345.06789            1.112500e+02     1.111111700000000e+04             $1,000.00
<   'wb_numeric'                40000       2              10000000  NULL                   1.112400e+02     1.111111800000000e+04             $1,000.00
<   'wb_numeric'                30000     100              30000000  12345.06789            1.112000e+02     1.111112100000000e+04             $1,000.00
<   'wb_numeric'                20000       1              80000000  12345.06789            1.111700e+02     1.111112400000000e+04             $1,000.00
<   'wb_numeric'                10000     100              10000000  12345.06789            1.111100e+02     1.111113000000000e+04             $1,000.00
---
>   'wb_numeric'                50000     100              20000000  12345.06789            1.112500e+02     1.111111700000000e+04               $500.00
>   'wb_numeric'                40000       2              10000000  NULL                   1.112400e+02     1.111111800000000e+04               $500.00
>   'wb_numeric'                30000     100              30000000  12345.06789            1.112000e+02     1.111112100000000e+04               $500.00
>   'wb_numeric'                20000       1              80000000  12345.06789            1.111700e+02     1.111112400000000e+04               $500.00
>   'wb_numeric'                10000     100              10000000  12345.06789            1.111100e+02     1.111113000000000e+04               $500.00
2551,2555c2551,2555
<   'wb_numeric'                10000     100              10000000  12345.06789            1.111100e+02     1.111113000000000e+04             $1,000.00
<   'wb_numeric'                20000       1              80000000  12345.06789            1.111700e+02     1.111112400000000e+04             $1,000.00
<   'wb_numeric'                30000     100              30000000  12345.06789            1.112000e+02     1.111112100000000e+04             $1,000.00
<   'wb_numeric'                40000       2              10000000  NULL                   1.112400e+02     1.111111800000000e+04             $1,000.00
<   'wb_numeric'                50000     100              20000000  12345.06789            1.112500e+02     1.111111700000000e+04             $1,000.00
---
>   'wb_numeric'                10000     100              10000000  12345.06789            1.111100e+02     1.111113000000000e+04               $500.00
>   'wb_numeric'                20000       1              80000000  12345.06789            1.111700e+02     1.111112400000000e+04               $500.00
>   'wb_numeric'                30000     100              30000000  12345.06789            1.112000e+02     1.111112100000000e+04               $500.00
>   'wb_numeric'                40000       2              10000000  NULL                   1.112400e+02     1.111111800000000e+04               $500.00
>   'wb_numeric'                50000     100              20000000  12345.06789            1.112500e+02     1.111111700000000e+04               $500.00
2563,2567c2563,2567
<   'wb_numeric'                50000     100              20000000  12345.06789            1.112500e+02     1.111111700000000e+04             $1,000.00
<   'wb_numeric'                40000       2              10000000  NULL                   1.112400e+02     1.111111800000000e+04             $1,000.00
<   'wb_numeric'                30000     100              30000000  12345.06789            1.112000e+02     1.111112100000000e+04             $1,000.00
<   'wb_numeric'                20000       1              80000000  12345.06789            1.111700e+02     1.111112400000000e+04             $1,000.00
<   'wb_numeric'                10000     100              10000000  12345.06789            1.111100e+02     1.111113000000000e+04             $1,000.00
---
>   'wb_numeric'                50000     100              20000000  12345.06789            1.112500e+02     1.111111700000000e+04               $500.00
>   'wb_numeric'                40000       2              10000000  NULL                   1.112400e+02     1.111111800000000e+04               $500.00
>   'wb_numeric'                30000     100              30000000  12345.06789            1.112000e+02     1.111112100000000e+04               $500.00
>   'wb_numeric'                20000       1              80000000  12345.06789            1.111700e+02     1.111112400000000e+04               $500.00
>   'wb_numeric'                10000     100              10000000  12345.06789            1.111100e+02     1.111113000000000e+04               $500.00
2595,2599c2595,2599
<   'wb_numeric'                10000     100              10000000  12345.06789            1.111100e+02     1.111113000000000e+04             $1,000.00
<   'wb_numeric'                20000       1              80000000  12345.06789            1.111700e+02     1.111112400000000e+04             $1,000.00
<   'wb_numeric'                30000     100              30000000  12345.06789            1.112000e+02     1.111112100000000e+04             $1,000.00
<   'wb_numeric'                40000       2              10000000  NULL                   1.112400e+02     1.111111800000000e+04             $1,000.00
<   'wb_numeric'                50000     100              20000000  12345.06789            1.112500e+02     1.111111700000000e+04             $1,000.00
---
>   'wb_numeric'                10000     100              10000000  12345.06789            1.111100e+02     1.111113000000000e+04               $500.00
>   'wb_numeric'                20000       1              80000000  12345.06789            1.111700e+02     1.111112400000000e+04               $500.00
>   'wb_numeric'                30000     100              30000000  12345.06789            1.112000e+02     1.111112100000000e+04               $500.00
>   'wb_numeric'                40000       2              10000000  NULL                   1.112400e+02     1.111111800000000e+04               $500.00
>   'wb_numeric'                50000     100              20000000  12345.06789            1.112500e+02     1.111111700000000e+04               $500.00
2607,2611c2607,2611
<   'wb_numeric'                50000     100              20000000  12345.06789            1.112500e+02     1.111111700000000e+04             $1,000.00
<   'wb_numeric'                40000       2              10000000  NULL                   1.112400e+02     1.111111800000000e+04             $1,000.00
<   'wb_numeric'                30000     100              30000000  12345.06789            1.112000e+02     1.111112100000000e+04             $1,000.00
<   'wb_numeric'                20000       1              80000000  12345.06789            1.111700e+02     1.111112400000000e+04             $1,000.00
<   'wb_numeric'                10000     100              10000000  12345.06789            1.111100e+02     1.111113000000000e+04             $1,000.00
---
>   'wb_numeric'                50000     100              20000000  12345.06789            1.112500e+02     1.111111700000000e+04               $500.00
>   'wb_numeric'                40000       2              10000000  NULL                   1.112400e+02     1.111111800000000e+04               $500.00
>   'wb_numeric'                30000     100              30000000  12345.06789            1.112000e+02     1.111112100000000e+04               $500.00
>   'wb_numeric'                20000       1              80000000  12345.06789            1.111700e+02     1.111112400000000e+04               $500.00
>   'wb_numeric'                10000     100              10000000  12345.06789            1.111100e+02     1.111113000000000e+04               $500.00
